// Generated by tools/generate_costume_enhancement.py; do not edit.
// Service: 0=head/Aver, 1=garment/Lace, 2=effect/Gregio.
-	script	costume_enhancement_db	-1,{
OnInit:
	setarray .StoneId[0],1000857,25068,25714,1000222,25409,25498,1000305,25450,1000301,25304,1001168,25859,25171,1000669,1000974,25855,25706,1000016,25453,1000214,6999,1001159,25445,1000297;
	setarray .StoneId[24],1000528,25494,1000971,1000377,25850,1001162,25710,1000218,1000375,1000860,1001047,25069,1000616,1000610,25417,1000863,25808,25413,1000008,1000672,25804,25843,1001050,25000;
	setarray .StoneId[48],25490,1001044,25846,1001165,1001327,1000968,25800,25172,1000666,1000613,1000012,1000858,25715,1000223,25410,25499,1000306,25451,1000302,25060,1001169,25860,25141,1000670;
	setarray .StoneId[72],1000975,25856,25707,1000017,25454,1000215,1001160,25175,25446,1000298,1000529,25495,1000972,1000378,25851,1001163,25711,1000219,25061,1000861,1001048,25070,1000617,1000611;
	setarray .StoneId[96],25418,1000864,25807,25414,1000009,1000673,25803,25844,1001051,25491,1001045,25847,1001166,1001328,1000969,25799,25173,1000667,1000614,1000013,1000859,25716,1000224,25411;
	setarray .StoneId[120],25500,1000307,25452,1000303,25305,1001170,25861,25015,1000671,1000976,25857,25708,1000018,25455,1000216,1001161,25447,1000299,1000530,25496,1000973,1000379,25852,1001164;
	setarray .StoneId[144],25712,1000220,1000376,1000862,1001049,25071,1000618,1000612,25419,1000865,25806,25415,1000010,1000674,25802,25845,1001052,25492,1001046,25848,1001167,1001329,1000970,25798;
	setarray .StoneId[168],25174,1000668,1000615,1000014,25709,1000019,25717,25067,25303,25862,25302,25449,1000300,1000221,25858,6963,25853,25497,1000015,1001053,25170,25854,1001054,25416;
	setarray .StoneId[192],1000011,1001171,25713,1000217,25448,1000296,25493,25805,25420,25801,25842,6964,1000922,25849,6908,1001326,25412,25797,25306,25501,1000304,25456,1000213,1000520;
	setarray .StoneId[216],1000856,1000676,1000855,1000526,1000527,1000524,1000521,1001055,1000523,1000675,1000525,1000921,1001172,1000522,25176,25136,25225,25059,25137,25178,25177,25138,25058,25226;
	setarray .StoneId[240],25224;
	setarray .EnchantId[0],311356,4807,29521,310191,29423,29485,310266,29464,310262,29359,311921,29668,29159,311008,311433,29664,29513,310008,29468,310181,29013,311912,29460,310258;
	setarray .EnchantId[24],310664,29481,311430,310327,29659,311915,29517,310187,310325,311359,311463,29053,310887,310881,29432,311362,29621,29428,310000,311011,29617,29651,311466,29032;
	setarray .EnchantId[48],29477,311460,29655,311918,312403,311427,29613,29156,311005,310884,310004,311357,29522,310190,29424,29486,310267,29465,310263,29047,311922,29669,29145,311009;
	setarray .EnchantId[72],311434,29665,29514,310009,29469,310182,311913,29155,29461,310259,310665,29482,311431,310328,29660,311916,29518,310186,29048,311360,311464,29054,310888,310882;
	setarray .EnchantId[96],29433,311363,29620,29429,310001,311012,29616,29652,311467,29478,311461,29656,311919,312404,311428,29612,29157,311006,310885,310005,311358,29523,310189,29425;
	setarray .EnchantId[120],29487,310268,29466,310264,29360,311923,29670,29027,311010,311435,29666,29515,310010,29470,310183,311914,29462,310260,310666,29483,311432,310329,29661,311917;
	setarray .EnchantId[144],29519,310185,310326,311361,311465,29055,310889,310883,29434,311364,29619,29430,310002,311013,29615,29653,311468,29479,311462,29657,311920,312405,311429,29611;
	setarray .EnchantId[168],29158,311007,310886,310006,29516,310011,29524,29056,29361,29671,29362,29467,310261,310188,29667,4992,29662,29484,310007,311469,29154,29663,311470,29431;
	setarray .EnchantId[192],310003,311924,29520,310184,29463,310257,29480,29618,29435,29614,29654,4993,311426,29658,4807,312402,29426,29427,29358,29488,310265,29471,310180,310654;
	setarray .EnchantId[216],311355,311015,311354,310662,310667,310661,310658,311471,310660,311014,310663,311425,311925,310659,29160,29142,29226,29040,29143,29161,29162,29144,29041,29225;
	setarray .EnchantId[240],29224;
	setarray .Service[0],0,0,0,0,0,0,0,0,0,0,0,0,0,0,0,0,0,0,0,0,0,0,0,0;
	setarray .Service[24],0,0,0,0,0,0,0,0,0,0,0,0,0,0,0,0,0,0,0,0,0,0,0,0;
	setarray .Service[48],0,0,0,0,0,0,0,0,0,0,0,0,0,0,0,0,0,0,0,0,0,0,0,0;
	setarray .Service[72],0,0,0,0,0,0,0,0,0,0,0,0,0,0,0,0,0,0,0,0,0,0,0,0;
	setarray .Service[96],0,0,0,0,0,0,0,0,0,0,0,0,0,0,0,0,0,0,0,0,0,0,0,0;
	setarray .Service[120],0,0,0,0,0,0,0,0,0,0,0,0,0,0,0,0,0,0,0,0,0,0,0,0;
	setarray .Service[144],0,0,0,0,0,0,0,0,0,0,0,0,0,0,0,0,0,0,0,0,0,0,0,0;
	setarray .Service[168],0,0,0,0,1,1,1,1,1,1,1,1,1,1,1,1,1,1,1,1,1,1,1,1;
	setarray .Service[192],1,1,1,1,1,1,1,1,1,1,1,1,1,1,1,1,1,1,1,1,1,1,1,1;
	setarray .Service[216],1,1,1,1,1,1,1,1,1,1,1,1,1,1,2,2,2,2,2,2,2,2,2,2;
	setarray .Service[240],2;
	setarray .Slot[0],0,0,0,0,0,0,0,0,0,0,0,0,0,0,0,0,0,0,0,0,0,0,0,0;
	setarray .Slot[24],0,0,0,0,0,0,0,0,0,0,0,0,0,0,0,0,0,0,0,0,0,0,0,0;
	setarray .Slot[48],0,0,0,0,0,0,0,0,0,0,0,1,1,1,1,1,1,1,1,1,1,1,1,1;
	setarray .Slot[72],1,1,1,1,1,1,1,1,1,1,1,1,1,1,1,1,1,1,1,1,1,1,1,1;
	setarray .Slot[96],1,1,1,1,1,1,1,1,1,1,1,1,1,1,1,1,1,1,1,1,2,2,2,2;
	setarray .Slot[120],2,2,2,2,2,2,2,2,2,2,2,2,2,2,2,2,2,2,2,2,2,2,2,2;
	setarray .Slot[144],2,2,2,2,2,2,2,2,2,2,2,2,2,2,2,2,2,2,2,2,2,2,2,2;
	setarray .Slot[168],2,2,2,2,0,0,0,0,0,0,0,0,0,0,0,0,0,0,0,0,0,0,0,0;
	setarray .Slot[192],0,0,0,0,0,0,0,0,0,0,0,0,0,0,0,0,0,0,0,0,0,0,0,1;
	setarray .Slot[216],1,1,1,1,1,1,1,1,1,1,1,1,1,1,3,3,3,3,3,3,3,3,3,3;
	setarray .Slot[240],3;
	setarray .Mask[0],1,1,1,1,1,1,1,1,1,1,1,1,1,1,1,1,1,1,1,1,1,1,1,1;
	setarray .Mask[24],1,1,1,1,1,1,1,1,1,1,1,1,1,1,1,1,1,1,1,1,1,1,1,1;
	setarray .Mask[48],1,1,1,1,1,1,1,1,1,1,1,2,2,2,2,2,2,2,2,2,2,2,2,2;
	setarray .Mask[72],2,2,2,2,2,2,2,2,2,2,2,2,2,2,2,2,2,2,2,2,2,2,2,2;
	setarray .Mask[96],2,2,2,2,2,2,2,2,2,2,2,2,2,2,2,2,2,2,2,2,4,4,4,4;
	setarray .Mask[120],4,4,4,4,4,4,4,4,4,4,4,4,4,4,4,4,4,4,4,4,4,4,4,4;
	setarray .Mask[144],4,4,4,4,4,4,4,4,4,4,4,4,4,4,4,4,4,4,4,4,4,4,4,4;
	setarray .Mask[168],4,4,4,4,8,8,8,8,8,8,8,8,8,8,8,8,8,8,8,8,8,8,8,8;
	setarray .Mask[192],8,8,8,8,8,8,8,8,8,8,8,8,8,8,8,8,8,8,8,8,8,8,8,8;
	setarray .Mask[216],8,8,8,8,8,8,8,8,8,8,8,8,8,8,2,2,2,2,4,2,2,2,1,4;
	setarray .Mask[240],2;
	setarray .Letter[0],0,0,0,0,2,2,2,2,2,2,3,3,4,6,6,6,7,7,7,7,7,10,11,11;
	setarray .Letter[24],12,12,12,12,13,14,15,15,17,17,17,17,17,17,18,18,18,18,18,18,18,18,18,18;
	setarray .Letter[48],18,18,18,18,18,18,18,21,22,22,22,0,0,0,2,2,2,2,2,2,3,3,4,6;
	setarray .Letter[72],6,6,7,7,7,7,10,11,11,11,12,12,12,12,13,14,15,15,17,17,17,17,17,17;
	setarray .Letter[96],18,18,18,18,18,18,18,18,18,18,18,18,18,18,18,18,21,22,22,22,0,0,0,2;
	setarray .Letter[120],2,2,2,2,2,3,3,4,6,6,6,7,7,7,7,10,11,11,12,12,12,12,13,14;
	setarray .Letter[144],15,15,17,17,17,17,17,17,18,18,18,18,18,18,18,18,18,18,18,18,18,18,18,18;
	setarray .Letter[168],21,22,22,22,0,0,0,2,2,3,3,6,6,6,6,7,10,12,12,12,12,14,17,17;
	setarray .Letter[192],17,17,17,17,17,17,18,18,18,18,18,18,18,18,18,18,18,18,21,22,22,22,22,0;
	setarray .Letter[216],2,2,2,7,12,12,12,15,17,17,18,18,18,21,1,4,4,6,6,15,18,18,19,22;
	setarray .Letter[240],22;
	setarray .RangeStart[0],0,59,116,172,215,230;
	setarray .RangeCount[0],59,57,56,43,15,11;
	debugmes "Costume Enhancement: loaded " + getarraysize(.StoneId) + " stone mappings.";
	end;
}
