//===== Ragnarok Offline =====================================
//= Slot-based Costume Roulette
//= Generated from the local Armor item database.
//= Regenerate with tools/generate_costume_roulette.py after item DB changes.
//============================================================

malangdo,141,137,2	script	Costume Roulette	4_M_MERCAT2,{
	mes "[Costume Roulette]";
	mes "Choose a costume part, then I will spin only that drawer.";
	mes "One Silvervine Fruit buys one spin.";
	mes "Pity: " + #COSTUME_ROULETTE_PITY + "/20";
	next;
	.@slot = select("Costume Head Top:Costume Head Mid:Costume Head Low / Mouth:Costume Garment:Leave") - 1;
	if (.@slot < 0 || .@slot >= 4) close;
	.@first_spin = 1;
L_Spin:
	.@count = getvariableofnpc(.SlotCount[.@slot], "costume_roulette_db");
	if (.@count <= 0) {
		mes "That drawer is empty.";
		close;
	}
	if (countitem(6417) < 1) {
		mes "Bring me one Silvervine Fruit.";
		close;
	}
	.@start = getvariableofnpc(.SlotStart[.@slot], "costume_roulette_db");
	.@id = getelementofarray(getvariableofnpc(.Ids[0], "costume_roulette_db"), .@start + rand(.@count));
	if (!checkweight(.@id, 1) || !checkweight(7051, 1)) {
		mes "Make room in your inventory first. I cannot guarantee the costume and pity reward if your bag is full.";
		close;
	}
	if (.@first_spin) {
		mes "Spend one Silvervine Fruit for this spin?";
		if (select("Spin:Cancel") == 2) close;
		.@first_spin = 0;
	}
	if (countitem(6417) < 1) {
		mes "You no longer have a Silvervine Fruit.";
		close;
	}
	delitem 6417, 1;
	getitem .@id, 1;
	#COSTUME_ROULETTE_PITY = #COSTUME_ROULETTE_PITY + 1;
	mes "You received ^0055FF" + getitemname(.@id) + "^000000.";
	if (#COSTUME_ROULETTE_PITY >= 20) {
		#COSTUME_ROULETTE_PITY = 0;
		getitem 7051, 1;
		mes "Your 20-spin pity is complete. You received ^0055FFSilk Mat^000000.";
	}
	next;
	if (select("Spin again:Finish:Cancel") != 1) close;
	goto L_Spin;
}

-	script	costume_roulette_db	-1,{
OnInit:
	setarray .SlotStart[0], 0,1441,2119,2866;
	setarray .SlotCount[0], 1441,678,747,250;
	setarray .Ids[0], 5909,5915,5980,5981,15825,15836,15838,15839,15841,15842,15843,15844,15851,15853,15854,15858,15875,15876,15881,15882,15888,15889,15890,15893;
	setarray .Ids[24], 15904,15905,15925,15952,15987,18740,18743,18921,19015,19288,19290,19292,19294,19403,19457,19464,19466,19472,19501,19502,19503,19506,19507,19515;
	setarray .Ids[48], 19516,19517,19518,19519,19520,19521,19522,19523,19524,19525,19526,19527,19529,19530,19532,19533,19535,19536,19537,19538,19539,19540,19543,19544;
	setarray .Ids[72], 19545,19546,19547,19548,19549,19555,19556,19557,19558,19559,19560,19561,19562,19565,19567,19568,19569,19570,19571,19572,19573,19574,19575,19576;
	setarray .Ids[96], 19577,19578,19579,19580,19581,19582,19585,19586,19587,19588,19589,19590,19591,19592,19593,19594,19595,19596,19597,19598,19599,19600,19601,19607;
	setarray .Ids[120], 19608,19610,19612,19613,19614,19616,19617,19618,19619,19620,19622,19623,19625,19626,19627,19628,19629,19630,19631,19632,19633,19635,19637,19639;
	setarray .Ids[144], 19640,19641,19642,19643,19645,19646,19647,19648,19649,19650,19652,19653,19654,19655,19656,19657,19658,19659,19660,19661,19662,19664,19665,19666;
	setarray .Ids[168], 19667,19668,19670,19671,19673,19675,19676,19677,19678,19681,19682,19684,19685,19686,19687,19688,19689,19690,19691,19693,19694,19695,19696,19697;
	setarray .Ids[192], 19698,19699,19700,19701,19702,19703,19704,19705,19706,19707,19708,19709,19710,19711,19712,19714,19715,19716,19717,19718,19719,19720,19721,19723;
	setarray .Ids[216], 19724,19725,19727,19728,19729,19730,19731,19733,19737,19738,19739,19740,19741,19743,19744,19745,19746,19748,19749,19750,19751,19753,19754,19756;
	setarray .Ids[240], 19757,19758,19759,19760,19761,19762,19763,19767,19768,19771,19772,19773,19774,19775,19777,19778,19779,19780,19782,19784,19786,19789,19790,19795;
	setarray .Ids[264], 19796,19797,19799,19800,19802,19803,19804,19806,19807,19808,19809,19811,19812,19813,19814,19815,19816,19818,19819,19820,19821,19822,19823,19824;
	setarray .Ids[288], 19825,19827,19828,19829,19831,19832,19833,19834,19835,19836,19837,19839,19840,19841,19842,19843,19844,19845,19847,19848,19849,19850,19851,19852;
	setarray .Ids[312], 19854,19855,19856,19857,19858,19859,19860,19861,19862,19863,19864,19865,19866,19867,19868,19869,19870,19873,19874,19875,19876,19878,19879,19880;
	setarray .Ids[336], 19881,19883,19884,19890,19891,19892,19893,19894,19895,19896,19897,19898,19899,19901,19903,19904,19905,19906,19907,19908,19909,19910,19911,19913;
	setarray .Ids[360], 19914,19915,19916,19917,19920,19921,19922,19923,19926,19927,19928,19929,19930,19931,19932,19934,19935,19936,19937,19938,19939,19941,19942,19943;
	setarray .Ids[384], 19944,19945,19948,19950,19951,19953,19955,19956,19957,19958,19959,19960,19961,19962,19963,19964,19965,19966,19967,19968,19969,19970,19971,19972;
	setarray .Ids[408], 19973,19974,19975,19976,19977,19978,19979,19980,19982,19983,19984,19985,19986,19987,19988,19990,19991,19994,19996,19997,19998,19999,20000,20001;
	setarray .Ids[432], 20002,20003,20004,20005,20006,20007,20008,20009,20011,20012,20013,20014,20016,20017,20018,20019,20020,20021,20023,20024,20025,20026,20027,20028;
	setarray .Ids[456], 20031,20032,20033,20036,20037,20038,20040,20041,20042,20044,20045,20046,20048,20049,20050,20051,20052,20053,20055,20056,20057,20058,20060,20063;
	setarray .Ids[480], 20064,20065,20066,20067,20068,20069,20070,20072,20073,20074,20075,20076,20078,20079,20080,20084,20085,20086,20087,20088,20089,20090,20092,20093;
	setarray .Ids[504], 20094,20095,20096,20097,20098,20099,20100,20101,20102,20103,20104,20105,20106,20109,20110,20111,20112,20113,20114,20117,20118,20119,20120,20121;
	setarray .Ids[528], 20127,20128,20129,20130,20133,20134,20135,20137,20138,20139,20140,20148,20151,20152,20153,20155,20157,20158,20159,20160,20161,20162,20163,20164;
	setarray .Ids[552], 20165,20167,20168,20170,20171,20172,20173,20174,20175,20177,20178,20179,20180,20181,20182,20183,20184,20185,20186,20187,20188,20189,20190,20191;
	setarray .Ids[576], 20194,20196,20197,20198,20199,20200,20203,20204,20205,20206,20207,20208,20210,20211,20212,20214,20216,20217,20218,20219,20220,20222,20224,20225;
	setarray .Ids[600], 20226,20227,20228,20229,20231,20232,20233,20234,20236,20237,20238,20241,20242,20243,20244,20245,20247,20248,20249,20250,20253,20254,20256,20257;
	setarray .Ids[624], 20260,20261,20262,20263,20265,20266,20267,20268,20269,20271,20272,20273,20274,20275,20276,20277,20278,20281,20282,20283,20284,20287,20288,20290;
	setarray .Ids[648], 20292,20293,20294,20296,20297,20300,20301,20302,20303,20304,20306,20308,20309,20316,20317,20320,20322,20324,20329,20330,20331,20332,20338,20339;
	setarray .Ids[672], 20343,20346,20347,20348,20371,20372,20373,20374,20375,20377,20378,20380,20381,20385,20386,20387,20388,20392,20393,20394,20395,20396,20398,20403;
	setarray .Ids[696], 20408,20409,20410,20411,20412,20413,20414,20415,20432,20433,20434,20436,20437,20442,20443,20444,20445,20446,20447,20449,20450,20451,20452,20453;
	setarray .Ids[720], 20454,20455,20456,20458,20460,20463,20464,20467,20468,20469,20470,20471,20472,20473,20474,20475,20481,20482,20484,20485,20489,20490,20491,20494;
	setarray .Ids[744], 20495,20496,20498,20499,20508,21300,21400,31027,31028,31030,31031,31033,31034,31035,31036,31037,31040,31041,31042,31043,31044,31046,31048,31049;
	setarray .Ids[768], 31050,31051,31052,31053,31054,31058,31059,31060,31061,31062,31088,31090,31091,31092,31094,31104,31105,31113,31114,31117,31119,31123,31124,31125;
	setarray .Ids[792], 31126,31127,31128,31130,31131,31132,31135,31136,31137,31138,31139,31140,31141,31143,31144,31147,31148,31149,31151,31154,31156,31157,31158,31159;
	setarray .Ids[816], 31160,31161,31163,31165,31166,31169,31170,31171,31172,31173,31174,31175,31176,31177,31179,31180,31182,31183,31185,31188,31190,31191,31193,31194;
	setarray .Ids[840], 31195,31197,31198,31200,31201,31202,31204,31205,31206,31238,31239,31240,31242,31244,31245,31246,31247,31248,31249,31252,31253,31254,31255,31259;
	setarray .Ids[864], 31263,31290,31291,31295,31297,31298,31303,31306,31307,31309,31312,31314,31318,31321,31322,31323,31324,31325,31326,31328,31329,31331,31332,31357;
	setarray .Ids[888], 31362,31363,31364,31365,31366,31367,31368,31369,31370,31371,31372,31378,31379,31382,31385,31387,31388,31389,31390,31392,31394,31396,31397,31400;
	setarray .Ids[912], 31401,31402,31405,31406,31407,31408,31409,31411,31412,31413,31414,31415,31417,31419,31420,31430,31431,31433,31434,31435,31436,31439,31440,31441;
	setarray .Ids[936], 31443,31444,31445,31447,31448,31451,31457,31459,31464,31465,31466,31467,31468,31471,31475,31476,31481,31489,31494,31495,31496,31499,31501,31504;
	setarray .Ids[960], 31506,31507,31508,31509,31513,31516,31518,31519,31520,31521,31522,31523,31525,31526,31528,31529,31530,31531,31535,31536,31541,31543,31546,31547;
	setarray .Ids[984], 31555,31556,31560,31562,31564,31565,31571,31573,31576,31577,31579,31581,31588,31589,31591,31595,31596,31597,31598,31603,31604,31605,31606,31607;
	setarray .Ids[1008], 31608,31610,31612,31613,31624,31627,31628,31629,31631,31632,31633,31634,31661,31662,31663,31664,31665,31666,31667,31668,31674,31675,31680,31681;
	setarray .Ids[1032], 31683,31690,31696,31697,31702,31703,31704,31705,31707,31708,31709,31710,31711,31713,31714,31720,31721,31722,31723,31725,31727,31728,31733,31736;
	setarray .Ids[1056], 31765,31766,31769,31770,31771,31772,31773,31774,31775,31776,31777,31778,31779,31780,31781,31782,31784,31786,31788,31789,31790,31794,31796,31799;
	setarray .Ids[1080], 31800,31801,31802,31804,31805,31806,31807,31808,31809,31810,31811,31812,31815,31818,31820,31821,31822,31829,31832,31836,31837,31838,31840,31841;
	setarray .Ids[1104], 31842,31845,31848,31849,31850,31884,31886,31888,31889,31890,31892,31893,31894,31895,31896,31897,31898,31899,31900,31901,31903,31904,31906,31907;
	setarray .Ids[1128], 31908,31912,31913,31914,31918,31919,31920,31925,31926,31928,31929,31935,31937,31941,31943,31945,31950,31952,31955,31956,31974,31976,31978,31979;
	setarray .Ids[1152], 31980,400020,400046,400055,400074,400080,400091,400092,400103,400115,400124,400128,400131,400132,400133,400136,400143,400144,400147,400157,400158,400159,400160,400161;
	setarray .Ids[1176], 400163,400165,400166,400167,400169,400170,400172,400174,400175,400176,400182,400183,400184,400185,400188,400193,400195,400196,400197,400204,400214,400221,400223,400225;
	setarray .Ids[1200], 400232,400253,400254,400256,400259,400260,400269,400270,400271,400272,400277,400278,400280,400289,400290,400292,400305,400309,400310,400311,400312,400313,400314,400315;
	setarray .Ids[1224], 400319,400320,400321,400325,400326,400341,400342,400343,400347,400348,400349,400350,400351,400354,400355,400356,400357,400358,400363,400365,400366,400367,400369,400373;
	setarray .Ids[1248], 400397,400404,400405,400406,400407,400414,400415,400422,400426,400428,400429,400430,400431,400432,400434,400436,400439,400444,400446,400449,400450,400451,400458,400459;
	setarray .Ids[1272], 400460,400461,400462,400466,400471,400475,400480,400484,400485,400495,400496,400497,400502,400504,400509,400516,400518,400519,400520,400525,400557,400558,400565,400567;
	setarray .Ids[1296], 400585,400594,400595,400596,400599,400604,400605,400606,400607,400633,400634,400656,400657,400664,400668,400669,400670,400682,400683,400684,400692,400693,400703,400704;
	setarray .Ids[1320], 400708,400709,400712,400717,400725,400727,400728,400729,400730,400739,400743,400744,400745,400746,400747,400748,400749,400751,400752,400754,400755,400760,400788,400789;
	setarray .Ids[1344], 400790,400792,400794,400795,400799,400803,400818,400898,400899,400900,400914,400915,400919,400930,400931,400932,400951,400952,400953,400956,400963,400964,400965,400993;
	setarray .Ids[1368], 400994,401000,401001,401013,401014,401015,401016,401046,401062,401113,401114,401148,401149,401180,401194,401196,401207,401211,401228,401232,401246,401247,401284,401294;
	setarray .Ids[1392], 401303,401314,401315,401316,401318,401319,401320,401368,401384,401392,401424,401470,410255,410293,420015,430001,430005,430010,430025,430026,430027,430028,430029,430030;
	setarray .Ids[1416], 435000,440000,440001,440002,440003,440004,440005,440006,440007,440009,440010,440012,440013,440014,440015,440016,440017,440018,440019,440020,440035,440041,440049,440050;
	setarray .Ids[1440], 480596,5911,5912,5913,15840,15877,15919,15953,19158,19289,19291,19293,19424,19500,19502,19503,19504,19509,19510,19511,19512,19531,19534,19539;
	setarray .Ids[1464], 19540,19542,19550,19551,19554,19555,19556,19561,19562,19563,19564,19567,19574,19578,19583,19598,19609,19610,19611,19612,19615,19621,19624,19626;
	setarray .Ids[1488], 19638,19641,19642,19644,19669,19673,19674,19679,19680,19689,19710,19722,19725,19732,19734,19735,19736,19742,19743,19746,19747,19748,19752,19754;
	setarray .Ids[1512], 19755,19756,19760,19765,19769,19775,19776,19781,19787,19788,19791,19792,19793,19794,19801,19810,19819,19821,19823,19826,19830,19837,19838,19840;
	setarray .Ids[1536], 19846,19849,19850,19853,19864,19872,19875,19877,19881,19882,19885,19886,19887,19888,19889,19900,19905,19912,19918,19919,19920,19921,19924,19925;
	setarray .Ids[1560], 19928,19938,19943,19951,19954,19989,19995,19996,20004,20006,20010,20039,20047,20059,20077,20102,20108,20115,20116,20123,20124,20125,20126,20131;
	setarray .Ids[1584], 20136,20141,20142,20144,20145,20146,20147,20149,20152,20154,20162,20163,20166,20168,20176,20183,20195,20206,20210,20211,20213,20215,20220,20221;
	setarray .Ids[1608], 20230,20234,20244,20246,20255,20286,20295,20298,20299,20300,20309,20311,20312,20314,20318,20319,20321,20325,20335,20337,20343,20376,20379,20385;
	setarray .Ids[1632], 20389,20390,20391,20392,20393,20397,20399,20404,20406,20430,20459,20461,20468,20481,20486,20488,20493,21200,21202,21206,21207,21300,21400,31030;
	setarray .Ids[1656], 31047,31052,31089,31106,31107,31117,31118,31120,31122,31128,31129,31133,31146,31155,31161,31167,31168,31172,31184,31186,31187,31203,31205,31206;
	setarray .Ids[1680], 31207,31234,31235,31236,31243,31250,31254,31255,31256,31258,31262,31265,31266,31267,31268,31269,31270,31271,31272,31273,31274,31275,31276,31277;
	setarray .Ids[1704], 31278,31279,31280,31281,31282,31283,31284,31285,31286,31287,31288,31299,31301,31302,31308,31310,31311,31313,31327,31333,31334,31335,31336,31337;
	setarray .Ids[1728], 31338,31339,31340,31341,31342,31343,31344,31345,31346,31347,31348,31349,31350,31351,31352,31353,31354,31355,31356,31358,31359,31361,31380,31384;
	setarray .Ids[1752], 31391,31398,31399,31401,31403,31409,31415,31416,31437,31442,31449,31452,31455,31461,31462,31463,31472,31480,31483,31486,31487,31488,31491,31497;
	setarray .Ids[1776], 31505,31512,31514,31527,31532,31534,31538,31540,31542,31550,31552,31553,31554,31561,31563,31568,31570,31574,31578,31580,31600,31601,31608,31609;
	setarray .Ids[1800], 31614,31615,31617,31618,31620,31629,31669,31673,31682,31686,31687,31688,31692,31699,31706,31715,31716,31718,31734,31738,31739,31740,31741,31742;
	setarray .Ids[1824], 31743,31744,31745,31746,31747,31748,31749,31750,31751,31752,31753,31754,31755,31756,31757,31758,31759,31760,31761,31763,31764,31782,31785,31787;
	setarray .Ids[1848], 31795,31798,31813,31814,31823,31824,31830,31839,31843,31847,31851,31853,31854,31902,31911,31923,31924,31930,31931,31934,31940,31942,31946,31947;
	setarray .Ids[1872], 31948,31949,31953,31954,31973,400104,400173,400403,400756,400913,410005,410006,410011,410021,410022,410029,410038,410039,410040,410041,410042,410043,410044,410045;
	setarray .Ids[1896], 410047,410048,410049,410053,410054,410055,410056,410060,410061,410062,410063,410068,410069,410072,410073,410074,410081,410082,410083,410086,410087,410095,410098,410099;
	setarray .Ids[1920], 410103,410104,410105,410107,410108,410121,410122,410123,410126,410128,410131,410132,410133,410138,410143,410144,410145,410146,410147,410148,410149,410154,410155,410156;
	setarray .Ids[1944], 410157,410160,410167,410168,410169,410170,410171,410182,410187,410188,410189,410190,410191,410192,410193,410194,410195,410196,410198,410199,410200,410201,410202,410205;
	setarray .Ids[1968], 410206,410212,410214,410217,410218,410219,410220,410221,410222,410223,410224,410226,410228,410229,410230,410234,410236,410238,410239,410240,410241,410242,410245,410248;
	setarray .Ids[1992], 410251,410252,410253,410257,410258,410261,410262,410263,410264,410267,410268,410276,410277,410278,410281,410283,410286,410289,410290,410292,410296,410297,410300,410301;
	setarray .Ids[2016], 410308,410309,410310,410311,410312,410315,410316,410317,410318,410319,410326,410328,410329,410338,410343,410350,410351,410352,410353,410357,410358,410359,410360,410361;
	setarray .Ids[2040], 410364,410367,410368,410370,410371,410384,410385,410387,410388,410395,410396,410399,410429,410430,410441,410442,410447,410448,410456,410457,410458,410469,410470,410471;
	setarray .Ids[2064], 410474,410485,410487,410489,410491,410508,410556,410574,410576,410582,410608,410609,410629,420016,420293,420294,420299,420432,430001,430005,430010,430025,430026,430027;
	setarray .Ids[2088], 430028,430029,430030,436006,436007,436008,436010,440000,440001,440002,440003,440004,440005,440006,440007,440009,440010,440012,440013,440014,440015,440016,440017,440018;
	setarray .Ids[2112], 440019,440020,440035,440041,440049,440050,480200,5977,15954,19377,19383,19424,19459,19500,19503,19505,19513,19514,19528,19531,19534,19541,19552,19553;
	setarray .Ids[2136], 19554,19556,19562,19563,19564,19566,19567,19580,19584,19605,19606,19610,19615,19634,19636,19638,19651,19672,19674,19680,19683,19689,19692,19713;
	setarray .Ids[2160], 19725,19726,19732,19736,19743,19746,19747,19764,19770,19783,19785,19791,19792,19793,19794,19798,19801,19805,19817,19821,19838,19849,19850,19872;
	setarray .Ids[2184], 19875,19881,19882,19902,19905,19918,19919,19920,19924,19938,19940,19947,19951,19952,19981,19992,19993,19996,20015,20022,20029,20030,20034,20035;
	setarray .Ids[2208], 20043,20054,20059,20061,20071,20091,20102,20107,20126,20132,20143,20150,20152,20156,20162,20163,20166,20169,20176,20192,20193,20195,20201,20202;
	setarray .Ids[2232], 20206,20210,20211,20223,20230,20234,20235,20239,20259,20264,20279,20280,20285,20299,20300,20305,20307,20310,20313,20315,20328,20337,20340,20341;
	setarray .Ids[2256], 20342,20344,20349,20350,20351,20352,20353,20354,20355,20356,20357,20358,20359,20360,20361,20362,20363,20364,20365,20366,20367,20368,20369,20370;
	setarray .Ids[2280], 20390,20391,20397,20400,20405,20407,20416,20417,20418,20419,20420,20421,20424,20425,20426,20427,20438,20440,20441,20448,20457,20468,20481,20487;
	setarray .Ids[2304], 20492,20497,20798,21200,21202,21206,21207,21400,31029,31030,31033,31045,31052,31055,31057,31063,31064,31065,31066,31067,31068,31069,31070,31071;
	setarray .Ids[2328], 31072,31073,31074,31075,31076,31077,31078,31079,31080,31081,31082,31083,31084,31085,31086,31087,31088,31093,31117,31118,31121,31129,31134,31142;
	setarray .Ids[2352], 31152,31162,31164,31172,31178,31181,31189,31199,31207,31208,31209,31210,31211,31212,31213,31214,31215,31216,31217,31218,31219,31220,31221,31222;
	setarray .Ids[2376], 31223,31224,31225,31226,31227,31228,31229,31230,31231,31232,31233,31237,31241,31251,31254,31256,31257,31261,31264,31296,31300,31304,31305,31311;
	setarray .Ids[2400], 31315,31325,31330,31358,31360,31374,31377,31381,31383,31386,31393,31395,31404,31409,31418,31421,31422,31423,31424,31425,31428,31429,31432,31438;
	setarray .Ids[2424], 31446,31450,31453,31454,31455,31458,31460,31470,31473,31474,31478,31479,31482,31490,31492,31493,31498,31500,31505,31510,31511,31533,31544,31545;
	setarray .Ids[2448], 31548,31549,31551,31559,31566,31567,31569,31572,31575,31578,31585,31586,31590,31593,31594,31599,31608,31611,31616,31625,31626,31635,31636,31637;
	setarray .Ids[2472], 31638,31639,31640,31641,31642,31643,31644,31645,31646,31647,31648,31649,31650,31651,31652,31653,31654,31655,31656,31657,31658,31659,31660,31670;
	setarray .Ids[2496], 31671,31672,31676,31677,31684,31685,31689,31691,31693,31694,31695,31698,31700,31712,31717,31719,31726,31729,31730,31731,31732,31735,31762,31782;
	setarray .Ids[2520], 31791,31793,31797,31803,31816,31817,31819,31825,31827,31831,31833,31834,31844,31846,31852,31855,31856,31857,31858,31859,31860,31861,31862,31863;
	setarray .Ids[2544], 31864,31865,31874,31875,31876,31877,31878,31879,31880,31881,31882,31883,31885,31887,31905,31910,31915,31916,31921,31922,31927,31932,31933,31936;
	setarray .Ids[2568], 31938,31944,31951,31958,31959,31960,31961,31962,31963,31964,31965,31966,31967,31968,31969,31970,31971,31972,31975,400056,400057,400076,400100,400148;
	setarray .Ids[2592], 400258,400327,400423,400425,400427,400655,400757,400761,400767,410265,410320,410440,420010,420014,420024,420025,420026,420027,420029,420033,420034,420035,420036,420037;
	setarray .Ids[2616], 420038,420039,420040,420041,420042,420043,420044,420046,420047,420048,420050,420052,420053,420054,420056,420057,420058,420059,420060,420061,420062,420063,420067,420069;
	setarray .Ids[2640], 420070,420071,420072,420075,420077,420078,420079,420081,420082,420083,420084,420086,420088,420092,420094,420095,420096,420097,420098,420099,420100,420101,420102,420103;
	setarray .Ids[2664], 420104,420107,420108,420109,420111,420113,420114,420115,420116,420117,420118,420119,420120,420121,420122,420123,420124,420125,420126,420127,420128,420132,420133,420140;
	setarray .Ids[2688], 420150,420151,420152,420156,420159,420161,420162,420163,420165,420168,420169,420170,420171,420177,420181,420190,420191,420192,420193,420196,420197,420201,420204,420206;
	setarray .Ids[2712], 420207,420208,420209,420211,420212,420214,420219,420221,420222,420224,420232,420233,420237,420240,420241,420244,420255,420264,420273,420276,420277,420278,420285,420286;
	setarray .Ids[2736], 420303,420305,420307,420319,420321,420325,420333,420336,420340,420341,420344,420345,420346,420349,420350,420351,420353,420354,420358,420359,420360,420365,420366,420367;
	setarray .Ids[2760], 420371,420376,420377,420382,420383,420385,420393,420394,420395,420396,420397,420398,420399,420400,420405,420406,420407,420408,420413,420414,420415,420416,420421,420426;
	setarray .Ids[2784], 420433,420435,420439,420440,420445,420447,420448,420449,420499,420500,420501,420514,420515,420516,420524,420525,420532,420545,420546,420553,420554,420570,420571,420575;
	setarray .Ids[2808], 420595,420602,420642,420647,420648,420649,420650,420651,420653,420654,420655,420656,420668,420669,420670,420672,420673,420703,420729,420730,420750,420751,420760,420774;
	setarray .Ids[2832], 420790,420791,420831,435000,436006,436007,436008,436010,440000,440001,440002,440003,440004,440005,440006,440007,440009,440010,440012,440013,440014,440015,440016,440017;
	setarray .Ids[2856], 440018,440019,440020,440035,440041,440049,440050,480469,480783,490242,15926,20513,20514,20516,20517,20518,20521,20523,20524,20525,20526,20527,20528,20529;
	setarray .Ids[2880], 20530,20533,20534,20536,20539,20541,20542,20543,20545,20546,20570,20571,20572,20573,20574,20575,20576,20577,20578,20579,20580,20581,20582,20584;
	setarray .Ids[2904], 20585,20586,20587,20588,20589,20590,20591,20592,20593,20594,20595,20596,20597,20598,20599,20602,20603,20604,20605,20607,20612,20613,20614,20615;
	setarray .Ids[2928], 20616,20617,20618,20619,20620,20621,20622,20623,20624,20625,20626,20629,20985,20987,20988,20989,20992,31737,31917,480052,480055,480056,480058,480060;
	setarray .Ids[2952], 480069,480071,480082,480086,480093,480095,480096,480107,480108,480110,480111,480117,480118,480119,480121,480122,480123,480126,480127,480129,480130,480137,480152,480155;
	setarray .Ids[2976], 480158,480167,480168,480169,480176,480177,480181,480187,480189,480198,480199,480201,480202,480204,480207,480221,480222,480223,480235,480236,480237,480243,480244,480246;
	setarray .Ids[3000], 480247,480252,480258,480264,480279,480280,480287,480288,480289,480290,480295,480297,480305,480310,480311,480315,480316,480318,480320,480321,480329,480330,480335,480336;
	setarray .Ids[3024], 480337,480344,480360,480361,480362,480364,480368,480376,480377,480393,480405,480406,480407,480408,480411,480419,480420,480421,480422,480423,480429,480430,480431,480432;
	setarray .Ids[3048], 480433,480436,480437,480438,480445,480450,480456,480457,480458,480459,480460,480461,480462,480472,480473,480476,480477,480478,480484,480485,480486,480487,480488,480492;
	setarray .Ids[3072], 480493,480501,480503,480505,480506,480507,480508,480517,480521,480523,480524,480525,480541,480555,480556,480559,480565,480566,480581,480582,480595,480603,480609,480611;
	setarray .Ids[3096], 480616,480617,480618,480619,480627,480629,480630,480631,480632,480658,480664,480665,480666,480699,480717,480718,480747,480748,480772,480773;
	end;
}
