// Generated by tools/generate_black_market_equipment_enhancement.py; do not edit.
// Pool order: Weapon O1-O5, Armour O1-O5.
-	script	equipment_enhancement_db	-1,{
OnInit:
	setarray .OptionId[0],1,2,3,4,5,6,7,8,13,14,15,17,18,19,22,24,37,39,41,43;
	setarray .OptionId[20],45,47,49,51,53,55,59,61,63,65,164,166,168,169,170,15,16,17,18,19;
	setarray .OptionId[40],22,24,37,39,41,43,45,47,49,51,53,55,57,59,61,63,65,67,69,71;
	setarray .OptionId[60],73,75,97,98,99,100,101,102,103,104,105,106,107,108,109,110,111,112,113,114;
	setarray .OptionId[80],115,116,157,158,159,164,166,168,170,185,1,2,9,10,11,12,22,97,98,99;
	setarray .OptionId[100],100,101,102,103,104,105,106,107,108,109,110,111,112,113,114,115,116,127,128,129;
	setarray .OptionId[120],130,131,132,133,134,135,136,137,138,139,140,141,142,143,144,145,146,147,148,151;
	setarray .OptionId[140],152,153,155,163,168,169,170,171,172,176,177,178,179,180,181,182,183,184,185,13;
	setarray .OptionId[160],14,15,17,18,19,22,37,39,41,43,45,47,49,51,53,55,57,59,61,63;
	setarray .OptionId[180],65,67,69,71,73,75,97,98,99,100,101,102,103,104,105,106,107,108,109,110;
	setarray .OptionId[200],111,112,113,114,115,116,127,128,129,130,131,132,133,134,135,136,170,13,17,18;
	setarray .OptionId[220],22,24,147,148,153,154,1,2,3,4,5,6,7,8,9,10,11,12,13,17;
	setarray .OptionId[240],18,22,24,37,39,41,43,45,47,49,51,53,55,1,2,11,12,15,16,17;
	setarray .OptionId[260],18,19,20,21,22,26,27,28,29,30,31,32,33,34,36,38,40,42,44,46;
	setarray .OptionId[280],48,50,52,54,56,58,60,62,64,66,68,70,72,74,87,88,89,91,92,93;
	setarray .OptionId[300],94,95,96,117,118,119,121,122,123,124,125,126,157,158,159,164,166,169,170,1;
	setarray .OptionId[320],2,87,88,89,90,91,92,93,94,95,96,97,98,99,100,101,102,103,104,105;
	setarray .OptionId[340],106,172,77,78,79,80,82,83,127,128,129,130,131,132,133,134,135,136,186,13;
	setarray .OptionId[360],17,18,22,24,147,148,153,154;
	setarray .OptionMin[0],100,20,1,1,1,1,1,1,1,1,1,5,5,5,5,3,10,10,10,10;
	setarray .OptionMin[20],10,10,10,10,10,10,5,5,5,5,10,3,3,10,-5,1,5,5,4,5;
	setarray .OptionMin[40],10,2,3,3,3,3,3,3,3,3,3,3,3,3,3,3,3,3,3,3;
	setarray .OptionMin[60],3,3,3,3,3,3,3,3,3,3,3,3,3,3,3,3,3,3,3,3;
	setarray .OptionMin[80],3,3,5,5,5,3,3,5,-5,0,60,20,2,2,10,10,5,5,5,5;
	setarray .OptionMin[100],5,5,5,5,5,5,5,5,5,5,5,5,5,5,5,5,5,3,3,3;
	setarray .OptionMin[120],3,3,3,3,3,3,3,3,3,3,3,3,3,3,3,3,3,3,3,3;
	setarray .OptionMin[140],3,5,5,0,3,3,-3,-3,-1,0,0,0,0,0,0,0,0,0,0,1;
	setarray .OptionMin[160],1,1,10,5,10,10,5,5,5,5,5,5,5,5,5,5,5,5,5,5;
	setarray .OptionMin[180],5,5,5,5,5,5,5,5,5,5,5,5,5,5,5,5,5,5,5,5;
	setarray .OptionMin[200],5,5,5,5,5,5,5,5,5,5,5,5,5,5,5,5,-5,1,10,10;
	setarray .OptionMin[220],5,3,10,10,5,5,150,25,1,1,1,1,1,1,1,1,40,20,3,20;
	setarray .OptionMin[240],10,10,5,10,10,10,10,10,10,10,10,10,10,100,40,15,15,1,5,10;
	setarray .OptionMin[260],5,10,10,1,5,1,1,1,1,1,1,1,1,1,5,5,5,5,5,5;
	setarray .OptionMin[280],5,5,5,5,5,5,5,5,5,5,5,5,5,5,10,10,10,10,10,10;
	setarray .OptionMin[300],10,10,10,10,10,10,10,10,10,10,10,10,5,5,5,5,5,3,-5,150;
	setarray .OptionMin[320],25,3,3,3,3,3,3,3,3,3,3,10,10,10,10,10,10,10,10,10;
	setarray .OptionMin[340],10,-1,0,0,0,0,0,0,5,5,5,5,5,5,5,5,5,5,0,1;
	setarray .OptionMin[360],10,10,5,3,10,10,5,5;
	setarray .OptionMax[0],500,100,6,6,6,5,6,6,15,12,2,60,40,60,35,20,50,50,50,50;
	setarray .OptionMax[20],50,50,50,50,50,50,10,15,15,15,24,15,24,24,12,3,20,15,20,15;
	setarray .OptionMax[40],40,9,25,25,25,25,25,25,25,25,25,25,25,25,25,25,25,25,25,25;
	setarray .OptionMax[60],25,25,25,25,25,25,25,25,25,25,25,25,25,25,25,25,25,25,25,25;
	setarray .OptionMax[80],25,25,35,35,35,35,20,10,10,0,1000,200,6,6,30,30,15,50,50,50;
	setarray .OptionMax[100],50,50,50,50,50,50,50,10,10,10,10,10,10,10,10,10,10,15,15,15;
	setarray .OptionMax[120],15,15,15,15,15,15,15,15,15,15,15,15,15,15,15,15,15,7,7,7;
	setarray .OptionMax[140],7,10,10,0,10,9,9,9,10,0,0,0,0,0,0,0,0,0,0,5;
	setarray .OptionMax[160],5,1,20,10,20,20,10,10,10,10,10,10,10,10,10,10,10,10,10,10;
	setarray .OptionMax[180],10,10,10,10,10,10,10,10,10,10,10,10,10,10,10,10,10,10,10,10;
	setarray .OptionMax[200],10,10,10,10,10,10,25,25,25,25,25,25,25,25,25,25,10,10,30,20;
	setarray .OptionMax[220],20,10,45,45,25,25,350,50,4,4,4,4,4,4,7,7,100,50,15,60;
	setarray .OptionMax[240],40,30,20,50,50,50,50,50,50,50,50,50,50,500,100,50,50,3,20,20;
	setarray .OptionMax[260],10,20,100,30,40,20,20,20,20,20,20,20,20,20,10,10,10,10,10,10;
	setarray .OptionMax[280],10,10,10,10,10,10,10,10,10,10,10,10,10,10,20,20,20,20,20,20;
	setarray .OptionMax[300],20,20,20,20,20,20,20,20,20,20,20,20,35,35,35,35,20,10,10,1000;
	setarray .OptionMax[320],200,7,7,7,7,7,7,7,7,7,7,50,50,50,50,50,50,50,50,50;
	setarray .OptionMax[340],50,10,0,0,0,0,0,0,25,25,25,25,25,25,25,25,25,25,0,10;
	setarray .OptionMax[360],30,20,20,10,45,45,25,25;
	setarray .PoolStart[0],0,35,90,159,217,226,253,319,342,359;
	setarray .PoolCount[0],35,55,69,58,9,27,66,23,17,9;
	setarray .CrimsonItemId[0],1443,1498,1680,1839,1939,1995,2025,13127,13327,13454,16040,18130,21015,28007,28106,28604,28705;
	setarray .CrimsonOptionId[0],175,176,177,178,179,180,181,182,183,184;
	setarray .CrimsonOptionWeight[0],15,15,15,15,15,5,5,5,5,5;
	debugmes "Vesper: loaded " + getarraysize(.OptionId) + " normalized random-option entries and " + getarraysize(.CrimsonItemId) + " Crimson elemental exceptions.";
	end;
}
